Accession	PC1	PC2	PC3	PC4	PC5
33-16	-0.94224346	-2.4402633	0.5103177	0.16003646	-0.1905617
38-11	0.7900466	-2.4431188	-0.25720382	-2.2211785	0.234432
4226	0.3082353	-3.137141	1.2692555	-1.2854168	1.1809258
4722	-1.2989933	-2.9033973	2.0354862	-0.38049567	-7.6263056
A188	-0.41757387	-2.543884	0.34365684	-0.8576448	-1.4464402
A214N	6.8093204	0.36807653	-10.691049	0.8308725	-0.64821535
A239	0.30208126	-2.949059	0.29873732	-2.567211	0.9404871
A272	-2.069152	1.3291783	1.0852911	-0.4762748	-2.2018785
A441-5	-2.710299	-0.032250263	0.6185255	-1.083046	-0.39426726
A554	0.39277434	-2.7406623	0.6649343	-2.9034317	1.6717001
A556	-0.3280548	-3.289705	0.9620543	-1.1843077	1.6747772
A6	-5.0676794	5.171622	0.3065479	0.34151992	0.11831584
A619	0.009218451	-7.7313414	2.8344762	-2.9029915	3.2474701
A632	9.809113	-0.1777453	-13.612973	1.6067115	-1.5840354
A634	8.970635	0.044943	-12.517379	1.5955331	-0.47758433
A635	9.237819	-0.4814903	-12.6699295	1.0295726	-0.19363384
A641	5.60704	-1.9993191	-8.652626	0.9996876	-0.27303025
A654	0.09784889	-2.943431	-0.19831164	-3.9647973	2.5436287
A659	0.62477374	-2.5541627	0.84534156	-1.6713948	0.5883822
A661	-0.1086084	-2.3727205	1.2524658	-1.2397207	-1.0875677
A679	15.125461	6.442862	5.9845643	1.8459114	-0.46633923
A680	18.009483	7.980582	6.1294346	1.882541	-0.022725835
A682	-0.47609493	-4.2210207	0.19991302	5.0170937	2.220774
AB28A	-0.47751185	-1.2788036	0.7112538	-0.6252825	1.2021954
B10	7.655677	-0.8043015	-3.4660726	-2.2635822	1.950206
B103	1.5364206	-2.5763197	-1.3521965	0.47104752	0.848874
B104	10.725781	2.2698357	0.686525	0.0585791	0.4736487
B105	4.251363	-0.2728631	0.5258005	-1.973474	-0.10600695
B109	15.06468	6.5608234	4.556178	0.8340754	0.16721012
B115	-0.37101325	-2.5217211	0.13541652	-0.5223537	-0.47471204
B14A	12.593369	0.34002435	-14.715046	1.6997145	-0.95675564
B164	1.159502	-1.6760395	0.5112785	-1.2167284	1.1888361
B2	2.0402973	-2.0089746	-0.7954131	-1.8472781	1.7621607
B37	7.29311	-0.20141208	2.8565369	-2.803509	0.67361856
B46	3.6029994	-3.49202	-1.5968423	-3.60871	2.2928097
B52	0.93351465	-2.4747312	0.1726369	-3.0054724	1.6919483
B57	-0.24034448	-1.5638788	0.94782645	-2.1349308	-0.054660056
B64	7.462367	0.37187672	-12.361064	1.5991952	-1.211806
B68	9.753959	-0.10048021	-13.700258	1.3667486	-0.9193522
B73	19.403395	8.805546	6.5117035	1.8695923	0.09652199
B73HTRHM	18.927515	8.5166235	6.2491784	1.7278353	-0.023030706
B75	0.62457347	-3.0873792	0.5447261	-0.23342347	1.3196287
B76	6.4776835	-0.31315768	2.9085765	-2.7926447	0.80458915
B77	-0.85450596	-1.6683538	-0.7816504	0.16029657	-0.93493944
B79	3.239724	-2.1255455	-1.9367256	-1.7493606	1.1455061
B84	10.930953	2.2388432	0.2839354	0.46944696	-0.23190005
B97	1.3263947	-3.7506032	-0.70042545	-1.2504301	0.26858997
C103	-2.0787408	-5.8598056	1.9726828	11.770565	1.4747831
C123	-1.234157	-4.9186974	1.3460939	8.719286	0.5662218
C49A	-0.3653485	-2.252298	-0.38033926	-1.2101196	-0.31888932
CH701-30	1.3004861	-2.5244215	-0.08788869	-0.5520352	0.011623547
CH9	-0.7386289	-1.9698422	0.17560147	-4.2295794	3.389417
CI7	-0.0411164	-2.604782	0.9044145	0.06823491	-0.004720608
CI187-2	-2.2425983	-1.104501	0.67763305	-1.7792	1.823057
CI21E	2.9517775	-0.20877208	0.025876127	-1.1665353	0.036101192
CI28A	0.4099189	-0.8884998	-0.40905663	-1.1222204	1.7100743
CI31A	-0.3106978	-2.0297666	1.3443145	-0.8321573	-0.10446922
CI3A	-0.12680992	-1.9452672	-1.4901081	-0.64023453	-1.071056
CI64	-1.6736785	-1.2593131	0.3226355	-1.135527	-0.9350956
CI66	-1.6811738	-0.84425545	0.439413	-0.6409261	-1.1325885
CI90C	-1.0436785	-2.2694209	2.0188062	-1.2171727	1.8702823
CI91B	2.1616242	-1.3640729	0.35948828	-0.59330106	1.5058802
CM105	9.604285	-0.42102346	-10.182407	0.5363097	-0.60546476
CM174	6.7869816	-1.3370206	-10.879804	0.48089525	-1.0284464
CM37	0.8916692	-4.261236	-0.7132729	-1.2852403	-3.718627
CM7	-0.029417261	-3.437116	0.21698771	-0.21935806	-0.45237166
CML10	-4.724729	3.993445	0.22903559	-0.8004141	0.59796214
CML103	-4.133589	3.1007545	0.00832741	0.16183117	-0.39602062
CML108	-4.1279025	4.1517496	-0.57390875	0.20596857	0.32733598
CML11	-5.185016	4.7871733	0.18935914	-0.45581028	1.0510427
CML14	-4.5259356	4.3851523	-0.43628928	-0.18968832	-0.39094704
CML154Q	-4.125769	3.8941944	-0.6377627	0.036113515	-0.07738167
CML157Q	-4.791659	3.6100893	-1.150028	-0.71960884	0.04211888
CML158Q	-4.7183185	4.0006895	-0.10759352	-0.16833647	-0.27184764
CML218	-4.880245	3.622709	-0.509704	0.34254643	0.20415808
CML220	-3.6918657	3.7124708	-0.85922647	-0.80761296	-0.44999617
CML228	-5.3621573	3.9961092	0.5605904	-0.57627124	-1.7687956E-4
CML238	-4.281448	4.8823295	0.110627644	-0.1781828	-0.188571
CML247	-4.208492	3.3117962	0.0352024	0.067227416	-0.19181956
CML254	-5.6541677	4.6115847	-0.755402	0.6407595	0.06598177
CML258	-5.370978	4.4844418	0.35710517	-0.8699173	0.039613612
CML261	-4.8516493	4.1644335	-0.4388045	-0.31022274	1.016497
CML264	-4.5747414	4.3200493	-1.6605843	0.22379933	-0.0647429
CML277	-4.717473	4.428581	-0.8898199	-2.1973453	-0.28378674
CML281	-3.0948937	2.5641553	-1.2619526	0.16828571	-0.107297376
CML287	-3.3208113	4.103359	-1.5206627	-1.6932172	-0.83752865
CML311	-4.478697	3.6952138	-1.1669765	-0.6127421	-0.8679946
CML314	-4.896941	4.612866	-2.1151116	0.25246167	0.14763413
CML321	-5.249097	4.345159	0.27241844	-0.1845904	0.042810965
CML322	-4.54789	4.503912	-1.7536019	-1.4233927	0.084296614
CML323	-2.5756857	1.8912812	0.57339454	0.7829582	-1.7776513
CML328	-3.881422	1.8578863	-0.5854368	-0.6083041	-0.5397466
CML331	-4.79524	5.2954755	-1.7357111	-0.9723822	-0.59326476
CML332	-4.928377	4.9397383	-1.2144421	-0.7768147	-0.80767465
CML333	-3.4385352	3.076892	-0.7561034	0.18667065	-0.14988881
CML341	-5.2976227	4.371362	0.24293311	-0.63384384	-0.5477795
CML38	-4.809138	3.6140945	-1.4400743	-0.7459177	0.7241698
CML45	-4.999405	3.8331056	-0.62419116	-0.5111373	-0.8280944
CML5	-5.0659866	3.9714866	-1.3557107	-0.75210226	0.82373095
CML52	-4.617227	4.1897917	0.5997168	-0.62872696	0.45858
CML61	-4.9202194	3.660274	-0.7151415	-0.93932205	0.24729303
CML69	-4.7276697	4.6262226	-0.34455886	-0.012733241	-0.65836614
CML77	-2.4450235	3.1614413	-1.4753363	-0.07388319	0.036961775
CML91	-2.8880882	2.5490475	-0.4808495	-0.87492573	-0.33677465
CML92	-2.5031786	2.701403	-2.053112	-0.99102277	0.4062772
CMV3	-0.043718457	-2.5613213	-1.2697477	-0.7216591	-0.22188818
CO106	-0.20571643	-2.4735546	-0.3256378	-0.86666644	-0.10334342
CO125	-0.46467775	-2.9224484	0.3319878	-0.88640606	-2.051973
CO255	-1.2228074	-2.4494185	1.4746257	-0.67848754	-4.0594945
D940Y	-2.9541767	-1.06795	0.35738662	1.3548826	-0.14541727
DE2	0.3330109	-3.1604173	0.23877124	-0.5225025	3.1217766
DE3	1.532218	-2.250229	0.07824281	-0.08785291	1.7606733
DE1	0.19953284	-2.9276268	0.46815887	-1.0312142	3.2292678
DE811	5.388278	-0.8068968	-6.79084	1.5705191	-0.6282607
E2558W	-1.4832821	-0.80271035	-0.06462491	-1.2689259	-0.73334
EP1	-2.6204693	-1.5566463	0.32374066	0.25978488	-3.9223166
F2834T	-2.0315502	2.4736335	-0.43065032	0.6697176	-1.33116
F44	-1.5684694	0.5441652	0.23970357	-0.37488154	-2.183253
F6	-0.4057751	-2.0689654	1.3098986	-0.94685215	-0.6492569
F7	-2.1487818	-3.4963186	0.34208792	0.75899065	-4.5440264
GA209	-1.2013818	-2.1683047	1.2418767	-0.84333426	0.115936935
GT112	-2.7074842	-1.1375549	1.769099	0.41178253	1.1201268
H105W	7.155664	-0.3605844	-10.630069	1.8952864	-0.99460727
H49	-0.651676	-2.5303748	0.9853754	-5.9431186	5.99401
H84	4.9021716	-0.33151272	1.288696	-1.820912	0.985991
H91	11.254933	0.12598303	-13.785341	1.3292223	-0.4798844
H95	-0.0032194315	-4.919439	2.5408304	-2.2756057	3.5772464
H99	-0.9999038	-2.7635574	1.7028869	-1.9902396	1.5688398
HI27	-1.6949568	3.07245	-4.7841053	0.5719815	0.11784186
HP301	-1.09148	-3.2724407	3.3401864	-0.42834896	-14.157102
HY	3.905224	-0.54041505	1.017578	-0.9573358	0.38775668
I137TN	-2.8754	0.51070225	0.36394337	-0.022832558	-0.5754325
I205	2.029424	-1.467936	-0.13735032	-1.1579043	1.8560396
I29	-0.36416462	-1.2205338	0.69207615	-0.863032	-4.5442753
IA2132	0.69649476	-5.4688334	1.8146847	1.5490093	-4.3443866
IA5125	0.10724786	-4.4149156	0.73007405	-0.16602182	-2.6175356
IDS28	-0.4359846	-2.4622571	1.596672	-0.22092253	-6.3911743
IDS69	-0.59194404	-3.3160894	3.7508602	0.22547768	-14.07037
IDS91	-1.2458514	-3.1906412	3.8229191	-0.060430925	-14.435202
IL101	0.8437346	-6.643804	0.80049556	0.841673	-6.898214
IL14H	0.85925996	-6.814569	1.5081321	1.3744986	-7.441499
IL677A	0.8252761	-5.9262156	1.5038668	0.6825587	-5.841346
K148	-0.58168274	-1.640513	0.21444796	-0.9745569	-0.45586768
K4	-0.20784949	-1.1678808	0.6900308	-1.6998392	0.26653525
K55	0.56550133	-1.3547425	-0.39836586	0.2144433	-1.1392224
K64	-0.57769585	-2.324453	0.7364357	-1.6866062	-0.5852123
KI11	-3.955753	3.4088297	-0.5263781	-0.2414774	0.3347316
KI14	-5.5608954	3.371675	-0.05815152	-0.45717266	0.95427996
KI2021	-5.224667	3.074574	0.12750775	-0.011283729	0.94034123
KI21	-3.3659563	1.0136017	-0.17704594	2.5535097	0.7029705
KI3	-5.463888	4.7545667	0.17724967	-1.5435315	0.4829779
KI43	-4.356011	2.315075	0.18131188	-0.6446638	8.526386E-4
KI44	-4.61694	3.2642844	0.41881788	0.032426484	1.0492975
KY21	-0.5980263	-1.0268723	-0.755345	-0.080838084	-1.2023218
KY226	-1.025576	0.26830694	0.7374742	-0.91106755	1.3540622
KY228	-0.68213606	-2.0476406	-0.58567315	0.15483123	-1.1732684
L317	-1.2817332	-2.7925818	-0.27533904	0.025251528	-0.11932452
L578	-2.3586323	0.16436197	0.82237107	0.6720848	-0.3344939
M14	1.5188316	-3.7172909	0.38397557	-1.37515	1.3361354
M162W	-2.1581345	-0.7398475	0.25054896	-2.2492719	-1.2555643
M37W	-3.1800992	0.6483018	-0.9682328	0.034329742	-0.50697255
MEF156-55-2	0.116639614	-5.3467064	1.6207031	-0.3157135	-4.461218
MO17	-1.1169121	-4.3529534	1.0750116	7.158674	2.2824674
MO18W	-3.391535	1.7953752	-0.8451362	-2.2038012	0.67070377
MO1W	-0.8653569	-2.5025754	0.16809498	-5.6971097	4.9940805
MO24W	-2.4498386	-0.37603924	1.3551463	0.3234184	-0.5107689
MO44	1.492543	-2.92876	-0.17594618	-3.173377	1.4008263
MO45	-0.060472216	-1.4282523	-0.45973995	0.25707594	-0.57088965
MO46	0.6566364	-0.8558764	-2.0889432	0.6548536	1.9880177
MO47	-0.5036295	-1.1224164	0.53450876	-0.6286447	1.0741723
MOG	-1.2820606	-1.0034791	-0.7063426	0.33803248	-1.7569131
MP339	-0.38082454	-0.1144764	-0.5174589	0.1702996	0.20993096
MS1334	-1.393891	-2.245181	-0.15860434	-1.1036681	-1.445197
MS153	1.6311243	-4.2764697	0.4977551	-0.9670079	-0.43461737
MS71	1.3336678	-4.058132	0.2267847	-2.244222	0.9297951
MT42	0.28199482	-2.8284917	-0.0795721	-0.37287125	-2.4430666
N192	15.786739	3.7021856	0.2509823	1.373049	-0.2843162
N28HT	6.2975144	-0.5633394	-0.98440105	-0.8355954	0.548554
N6	0.20097597	-2.094384	0.040242206	-1.0106949	-1.2853687
N7A	3.2420738	-1.8981906	-2.7677193	-0.72826946	0.3878203
NC222	-0.7750763	-0.96789056	0.55019915	0.63643897	0.034350414
NC230	-0.011063906	-1.0425749	-0.582981	0.24133876	-0.74123067
NC232	-0.90437186	-1.3882706	0.13335337	-1.6570364	2.0739837
NC236	-0.38499653	-2.964795	-0.84511286	-0.33010313	0.15122995
NC238	-1.6132368	-1.4941022	1.8636	0.6066295	1.3098286
NC250	4.8712544	0.85934836	3.2624154	-1.0130095	-0.12497915
NC258	-2.3409479	-5.3758693	1.6120623	13.387518	2.2758725
NC260	0.83849484	-2.861566	-0.08618117	-1.0036552	1.5269465
NC262	-2.6971579	-5.0080466	1.5353277	14.549046	1.8380392
NC264	-4.1580086	0.66497767	-0.0017443226	-1.3981278	-0.6658661
NC290A	-2.029319	-5.338011	1.785572	14.493848	2.3079956
NC294	12.994289	5.4068747	6.329848	0.38718545	0.47081056
NC296	-6.211933	9.200994	-0.4263468	0.8499888	0.21468653
NC296A	-6.399088	9.154016	-0.4222831	1.0152229	0.3373456
NC298	-6.6566057	8.620778	-0.7765191	0.74982965	0.6862957
NC300	-5.566116	5.963801	0.3636988	0.84489703	-0.22480392
NC302	-5.6232276	7.3349752	-0.26125503	0.67883074	0.27347162
NC304	-5.325145	7.155387	-0.42413688	0.36495587	0.115602136
NC306	13.602127	6.167984	6.4231725	0.47427687	-0.6426668
NC310	17.507917	7.460247	5.090629	1.196311	0.72362506
NC314	10.009624	4.7310205	4.7742143	-0.16613325	-0.09115417
NC318	-3.192216	0.24761856	0.26281533	-0.9997902	-1.4694786
NC320	-3.8556614	0.5139646	-0.029431714	-2.0498493	-0.37177864
NC324	10.18657	4.856134	5.312395	-0.13628113	-0.32088423
NC326	18.605051	7.918414	5.8904576	1.8739705	0.15772803
NC328	17.735403	8.21839	6.2330837	1.249231	0.9760204
NC33	-1.0946431	-1.301759	0.7531777	-0.025065526	0.9610895
NC336	-6.7564282	8.923297	-0.78594166	0.7991926	0.033491407
NC338	-5.9620733	6.8758063	-0.6724715	0.9690649	-0.08569152
NC340	-5.5127034	6.099782	-0.0047929846	0.95459807	-0.2252472
NC342	0.18820211	-2.3183265	1.3738452	10.536956	1.996084
NC344	-2.4619923	-5.3123426	1.7314873	13.5362425	2.2514634
NC346	-6.017473	8.73971	-0.5683115	0.42987952	0.25234574
NC348	-6.664467	8.406028	-0.30806088	0.662047	0.12643138
NC350	-5.7397017	6.6533666	-0.59103924	-0.102344885	0.39766145
NC352	-6.7486625	8.830624	-0.87563354	0.8302168	0.034129534
NC354	-6.2549357	7.8325443	-0.13900048	0.31872565	0.37555835
NC356	-5.1785994	4.4540267	-0.96975374	0.8375544	0.6172388
NC358	-4.932705	5.185535	-0.7655621	1.301679	-0.54283136
NC360	-3.6165938	-0.060463253	0.6198236	8.828461	1.578403
NC362	-3.379848	-2.2735472	0.8454798	11.331009	1.8624932
NC364	-3.3733003	-2.3114905	0.90818214	11.689357	1.8506459
NC366	-3.7097178	0.69344497	1.4433008	2.3355443	-0.027587878
NC368	12.289545	5.355075	4.867917	0.17127782	-0.17166142
ND246	-0.99325234	-2.8452919	0.3700658	-0.025774946	0.14482303
OH40B	-0.16089173	-6.9646406	2.4737177	0.16335912	2.026312
OH43	0.6538656	-7.9262323	3.5273721	-3.157597	3.910973
OH43E	0.26213408	-7.3681226	3.9034555	-3.6407683	4.477904
OH603	-0.45509416	-1.6663567	1.1708232	0.5812339	1.8684231
OH7B	1.7936261	-2.4805493	-2.7462356	-1.5023683	-0.15462087
OS420	1.9181129	-3.997765	0.812239	-1.9500227	0.23870103
P39	0.27681094	-7.8515863	1.5363535	1.5384105	-6.9256043
PA762	0.007782343	-7.620796	3.3082507	-2.3743942	4.558421
PA875	0.15562554	-1.3153504	1.1019442	-2.1071696	1.7946405
PA880	-0.50602615	-2.2372098	1.4760402	-2.2071664	2.209835
PA91	0.27675343	-4.9782367	1.125027	-3.9444284	2.0689406
R109B	0.6799492	-1.4592161	0.06741165	-1.097434	-0.8673109
R168	0.9898623	-4.148495	0.116839595	-1.4481828	0.16739866
R177	0.53902555	-4.494349	0.9445995	-2.2780995	1.3266418
R229	15.916882	8.339559	5.349861	1.3924094	-0.2769883
R4	1.9252895	-2.6749918	-0.054663517	-2.0621195	2.751656
SA24	-0.2572373	-2.754877	3.0425649	0.0014156934	-10.946659
SC213R	-2.7364745	-0.5325868	1.5870873	1.2094485	0.5148353
SC357	-2.0921519	-0.7357384	0.7424894	-0.41481954	-0.41011894
SC55	-2.8823652	-0.8849945	0.77520096	-0.20758726	-0.8845263
SD40	1.5478537	-0.99204737	-4.1696377	1.2596853	-0.092581294
SD44	-0.41293138	-2.195477	1.254469	-1.7964939	2.8631208
SG1533	-0.8373208	-1.9662969	2.135695	-0.49243057	-8.412054
SG18	0.0788616	-1.6250803	2.2820914	-0.6166991	-12.0106735
T232	-0.2892088	-1.1729633	-0.70619345	-1.6489786	-1.3101066
T234	-0.18304	-1.3851699	-0.6321761	-1.5513092	1.1072173
T8	-1.1663888	-1.8269138	0.69734734	2.298802	5.794141
TX303	-2.4300265	1.4674715	0.24601796	-0.7059257	0.62913156
TX601	-4.7273965	3.5204735	0.05183543	0.8648151	-0.25242472
TZI10	-4.79618	3.5695903	-1.4664088	-0.9948233	-0.71616596
TZI11	-2.7345576	2.512811	-0.2411842	-0.48114452	-0.3212055
TZI16	-0.8002043	1.8322293	-0.18603559	-1.314322	0.53668255
TZI18	-4.462942	3.786187	-0.48693413	0.4313249	0.30356714
TZI25	2.0581028	4.192638	0.15686095	-0.18015723	0.48616463
TZI8	-5.120234	3.9460058	0.06410967	0.38246703	-0.012038606
TZI9	-4.470642	3.2668238	-1.0548339	0.04087781	0.57745266
U267Y	-2.303464	0.44520506	0.05959682	-1.9896636	0.5777957
VA102	-1.3265846	-2.935058	1.9109896	4.512595	5.3286147
VA14	-0.6634542	-3.2095602	1.217518	-2.1775057	6.300758
VA17	0.13965724	-2.8362377	1.3536042	-2.237448	7.8895593
VA22	-0.5422441	-2.5112283	1.5440536	1.0948951	4.989368
VA26	0.40577006	-5.20104	2.3258412	-3.075428	2.4886315
VA35	-0.88785845	-3.0380366	1.2060463	4.997049	6.1114697
VA59	-1.6575744	-3.6381407	2.401071	6.7231784	5.7054925
VA85	-0.0782849	-4.8528423	1.2292689	0.21067177	1.2335107
VA99	1.519968	-3.8232117	-1.3677863	-3.028688	1.1653075
VAW6	-0.5172392	-1.3874946	-0.061037645	-0.8224323	1.282532
W117HT	-0.89752907	-1.8031874	0.23722325	-0.34125194	-0.40286177
W153R	-0.10931944	-2.8877296	0.69415563	-2.5488617	0.5222224
W182B	-0.19994819	-3.8517692	0.8406659	-2.352404	-2.2549376
W22R-RSTD	1.0791942	-3.0647979	0.35788423	-3.6720822	1.0961139
W22	1.018518	-3.437206	0.5278942	-4.1004734	1.085809
W64A	1.0480143	-2.5516176	0.60423887	-4.103344	4.6937704
WD	-0.85753673	-2.4349542	0.8153965	-0.867287	-3.131826
WF9	0.70423186	-3.711019	0.96010363	-6.5559936	6.783264
YU796NS	-0.4928588	-3.3990245	1.5817171	0.8420145	-0.4945142
