<Trait>	GerminationCount	DaystoSilk	DaysToTassel	GDDDaystoSilk	GDDDaystoTassel	GDDAnthesis-SilkingInterval	TasselLength	MainSpikeLength	TasselPrimaryBranches	TasselBranchLength	SecondaryBranchNumber	PlantHeight	EarHeight	LeafLength	LeafWidth	UpperLeafAngle	MiddleLeafAngle	TilleringIndex	NIRStarch	NIRProtein	NIROil	NorthernLeafBlight	CobDiameter	CobWeight	EarDiameter	EarLength	SeedSetLength	EarRowNumber	TotalKernelVolume	EarWeight	EarRankNumber	20KernelWeight	RowQuality
33-16	3	104	103	964.80278	964.80278	0	309	258	7	NaN	NaN	NaN	NaN	696	81	60	85	0	65.34	13.23	3.83	2	NaN	NaN	31	99	85	NaN	NaN	NaN	NaN	NaN	4
38-11	6	NaN	NaN	NaN	NaN	NaN	368	260	12	226	3	135	60	867	89	60	50	0	NaN	NaN	NaN	3	20	11.6	27	120	NaN	12	30	26	NaN	NaN	3
4226	1	NaN	95	NaN	924.110555	NaN	345	278	9	200	0	130	65	684	80	45	40	0	NaN	NaN	NaN	3	NaN	NaN	40	126	114	NaN	NaN	NaN	NaN	NaN	3
4722	6	92	89	896.413335	860.19222	36.22111	364	233	12	266	4	140	75	787	93	60	57.5	NaN	64.34	12.99	4.38	3	26	21.5	30	174	112	12	NaN	53	22	3.5	1
A188	5	73	73	633.413335	633.413335	0	346	245	15	188	0	120	35	633	76	45	60	NaN	64.87	15.51	5.39	2	22	13.6	36	132	126	12	90	73	22	6.2	2
A214N	4	108	108	964.80278	964.80278	0	297	218	10	216	1	190	110	767	69	90	70	NaN	NaN	NaN	NaN	3	28	14.9	35	149	133	12	40	40	24	3.3	1
A239	8	93	90	904.77389	870.55278	34.22111	350	283	4	230	0	90	15	660	70	60	70	NaN	70.26	14.32	3.6	4	24	6.15	34	114	90	12	60	47	19	NaN	3
A272	2	NaN	NaN	NaN	NaN	NaN	290	220	6	188	0	135	30	623	67	50	35	NaN	NaN	NaN	NaN	4	21	8.3	32	114	113	12	60	NaN	30	4.4	2
A441-5	7	102	100	964.80278	964.80278	0	217	178	9	130	0	80	30	631	91	40	65	0	NaN	NaN	NaN	3	NaN	NaN	28	69	NaN	NaN	NaN	10	NaN	NaN	1
A554	7	84	83	778.55278	765	13.55278	248	196	5.5	148	0	95	20	780	58	35	67.5	0	58.7	15.38	3.46	7	NaN	NaN	NaN	NaN	NaN	NaN	NaN	NaN	NaN	NaN	2
A556	0	NaN	NaN	NaN	NaN	NaN	277	227	8	164	0	60	NaN	NaN	NaN	NaN	NaN	0	NaN	NaN	NaN	3	NaN	NaN	NaN	NaN	NaN	NaN	NaN	NaN	NaN	NaN	4
A6	1	124	120	964.80278	964.80278	0	331	188	20	198	6	162.5	97.5	NaN	NaN	85	80	0	NaN	NaN	NaN	3	NaN	NaN	NaN	NaN	NaN	NaN	NaN	NaN	NaN	NaN	3
A619	6	NaN	91	NaN	881.610555	NaN	249	187.5	5	158	0	100	NaN	457	74	50	NaN	0	NaN	NaN	NaN	5	NaN	NaN	NaN	NaN	NaN	NaN	NaN	NaN	NaN	NaN	2
A632	10	90	89	870.55278	860.19222	10.360555	304.5	252	5.5	216	0	125	55	628	59	NaN	57.5	0	70.28	11.09	4.46	5	22	11.1	34	118	102	12	50	45	16	4.9	1
A634	7	93	90	904.77389	870.55278	34.22111	259	210	3	190	0	100	30	577	53	NaN	70	0	71.66	11.57	4.01	4	22	5.7	35	81	70	NaN	30	NaN	NaN	4	2
A635	9	87	84	832.163335	778.55278	53.610555	305.5	231.5	10.5	178	1	110	45	691	62	NaN	57.5	NaN	70.18	13.98	3.61	5	24.5	NaN	38.5	NaN	68.5	14	45	38	12	5.65	1
A641	8	90	87	870.55278	832.163335	38.384445	246.5	228	2.5	128	0	100	40	574	70	50	47.5	NaN	70.77	13.53	3.65	4	26	11.9	36	127	74	15	50	48	13	5.1	2
A654	4	78	78	691.55278	691.55278	0	259	208	4	200	0	100	25	578	71	55	75	NaN	64.65	15.22	4.6	6	NaN	NaN	NaN	NaN	NaN	NaN	NaN	NaN	NaN	NaN	2
A659	3	NaN	90	NaN	870.55278	NaN	303.5	253	4.5	226	0	100	15	657	62	70	NaN	0	NaN	NaN	NaN	6	22	5.7	31	83	77	NaN	20	NaN	NaN	4	2
A661	5	86	84	812.581665	778.55278	34.02389	288.5	232.5	3	158	0	125	50	609	73	55	57.5	0	67.33	14.73	5.09	5	24	18.8	39	123	102	12	50	55	13	5.4	2
A679	9	97	96	936.94222	930.47111	6.47111	324	251.5	7	228	0	105	40	647	56	75	70	1	71.12	12.06	3.43	3	25	12.6	37	138	126	NaN	50	NaN	NaN	4.6	2
A680	9	92	91	896.413335	881.610555	14.80278	355	274	7.5	222	1	145	70	734	93	80	65	0	63.43	15.41	4.15	6	27	14.5	40	137	123	18	80	68	22	4	2
A682	4	94	90	913.634445	870.55278	43.081665	374.5	375.5	1	202	0	110	20	533	50	25	NaN	NaN	NaN	NaN	NaN	4	20	7.2	29	125	102	10	50	41	19	4.2	2
Ab28A	3	107	106	964.80278	964.80278	0	348	246	8	240	0	140	45	NaN	NaN	70	60	0	62.07	16.88	5.63	3	NaN	NaN	NaN	NaN	NaN	NaN	NaN	NaN	NaN	NaN	2
B10	6	NaN	92	NaN	896.413335	NaN	325	216	10	226	3	145	70	861	85	50	60	NaN	66.96	12.74	3.48	4	NaN	NaN	NaN	NaN	NaN	NaN	NaN	NaN	NaN	NaN	2
B103	5	90	87	870.55278	832.163335	38.384445	298.5	297.5	1	210	NaN	85	30	680	74	55	65	0	NaN	NaN	NaN	3	NaN	NaN	NaN	NaN	NaN	NaN	NaN	NaN	NaN	NaN	2
B104	10	94	90	913.634445	870.55278	43.081665	267	226	4	176	0	120	35	723	77	50	62.5	NaN	70.33	11.06	4.14	3	28	19.95	41.5	129	113.5	13	105	96	26	4.9	2
B105	5	108	106	964.80278	964.80278	0	308	215	10	200	1	140	55	829	83	75	60	NaN	NaN	NaN	NaN	4	25.5	15.45	37.5	138.5	117.5	17	50	44.5	20.5	3.15	2
B109	6	98	97	944.110555	936.94222	7.163335	279	206.5	5	188	0	150	70	719	87	75	62.5	0	NaN	NaN	NaN	3	25	14.75	41	142	124	16	70	65	19	4.6	2
B115	5	99	94	954.02389	913.634445	40.384445	348	247	9	230	0	130	60	683	75	45	37.5	0	65.67	14.52	4.25	3	24	17.3	30	164	139	NaN	NaN	NaN	NaN	NaN	1
B14A	5	NaN	100	NaN	964.80278	NaN	351.5	272	6	242	0	125	55	811	74	65	75	0	NaN	NaN	NaN	3	25	14.4	33	158	82	14	NaN	40	14	4.3	1
B164	5	94	87	913.634445	832.163335	81.47111	310	227	13	234	2	145	50	720	78	60	70	NaN	66.79	15.16	4.82	4	27.5	15.2	37	158	132	16	85	78	25	5.25	2
B2	4	94	92	913.634445	896.413335	17.22111	472	340	16	276	2	165	80	817	90	75	62.5	NaN	61.24	20.12	4.33	3	31.5	37.9	45.5	166	145	16	140	130.5	25	6.35	2
B37	5	93	92	904.77389	896.413335	8.360555	311	270	7	212	1	140	60	734	91	55	65	NaN	NaN	NaN	NaN	2	29	39.3	43	156	139	14	120	128	26	6.7	1
B46	7	90	87	870.55278	832.163335	38.384445	333	248	8	228	0	145	35	823	80	50	60	NaN	68.04	14.19	4.55	3	28.5	23.56666667	42.5	151.5	128.5	16	120	118	24	4.8	1
B52	9	NaN	NaN	NaN	NaN	NaN	332.5	283	3	198	2	120	45	666	75	70	72.5	1	NaN	NaN	NaN	3	NaN	9.3	30	119	94	NaN	20	NaN	NaN	2.7	2
B57	3	90	87	870.55278	832.163335	38.384445	362	238	26	168	5	115	40	835	81	55	55	NaN	NaN	NaN	NaN	3	33.5	38.5	49	151.5	142	15	170	148.5	28.5	7.15	2
B64	8	77	76	680.55278	671.25	9.30278	295	256.5	5	184	0	120	45	786	70	NaN	55	NaN	72.37	14.37	3.15	6	31.5	19.9	39.5	153	123	13	83.33333333	84.5	26.5	4.95	2
B68	8	NaN	106	NaN	964.80278	NaN	335.5	269.5	6.5	220	0	140	70	839	90	70	67.5	0	66.97	14	3.73	3	NaN	NaN	NaN	NaN	NaN	NaN	NaN	NaN	NaN	NaN	2
B73	7.333333333	NaN	NaN	888.9971436	876.3460332	12.649325	325.7307692	243.3076923	6.076923077	219.6	1	152.6666667	64	NaN	NaN	75.71428571	65.86206897	0.142857143	69.95142857	12.68428571	4.03	4.666666667	30.8	21.55	44.78947368	NaN	NaN	NaN	116	NaN	NaN	4.69	2.066666667
B73_Mo17	NaN	NaN	NaN	NaN	NaN	NaN	NaN	NaN	NaN	NaN	NaN	NaN	NaN	NaN	NaN	NaN	NaN	NaN	NaN	NaN	NaN	NaN	NaN	NaN	NaN	NaN	NaN	NaN	NaN	NaN	NaN	NaN	NaN
B73Htrhm	11	107	107	964.80278	964.80278	0	248.5	196	3.5	134	0	135	60	619	62	80	70	1	69.62	9.58	3.69	3	24	11	38	96	80	NaN	30	NaN	NaN	3.4	2
B75	11	96	90	930.47111	870.55278	59.913335	364.5	330.5	2	264	0	120	40	633	77	50	37.5	0	69.06	14.82	4.18	3	24	10.4	NaN	NaN	NaN	NaN	20	NaN	NaN	4	1
B76	1	NaN	NaN	NaN	NaN	NaN	298.5	237	5	192	0	135	50	NaN	NaN	40	NaN	NaN	NaN	NaN	NaN	5	29	24.4	44	162	127	14	100	94	23	6.6	3
B77	7	90	90	870.55278	870.55278	0	388	289	12	264	2	140	50	779	94	55	60	NaN	64.84	16.76	5.03	3	25	14.95	39.5	85.5	127.5	13	70	66	19	6.3	2
B79	10	89	88	860.19222	847.05278	13.134445	349.5	261	12.5	252	2	145	70	831	121	70	72.5	NaN	NaN	NaN	NaN	4	34	20.8	47.5	153	112	17	110	97	18.5	5.5	1
B84	7	NaN	107	NaN	964.80278	NaN	194	118	9	116	1	115	45	607	64	65	NaN	0	NaN	NaN	NaN	4	NaN	NaN	25	59	NaN	NaN	NaN	12	NaN	NaN	3
B97	7	98	93	944.110555	904.77389	39.331665	316.5	254.5	8.5	226	1	165	85	806	101	60	75	NaN	65.45	14.22	4.39	3	NaN	NaN	39.5	137.5	NaN	13	NaN	NaN	18	NaN	1
C103	0	NaN	NaN	NaN	NaN	NaN	NaN	NaN	NaN	NaN	NaN	NaN	NaN	NaN	NaN	NaN	NaN	NaN	NaN	NaN	NaN	NaN	NaN	NaN	NaN	NaN	NaN	NaN	NaN	NaN	NaN	NaN	NaN
C123	0	NaN	NaN	NaN	NaN	NaN	NaN	NaN	NaN	NaN	NaN	NaN	NaN	NaN	NaN	NaN	NaN	NaN	NaN	NaN	NaN	NaN	NaN	NaN	NaN	NaN	NaN	NaN	NaN	NaN	NaN	NaN	NaN
C49A	6	84	80	778.55278	720.831665	57.72111	287.5	202.5	10	168	0	95	25	520	61	NaN	40	0	NaN	NaN	NaN	7	NaN	NaN	NaN	NaN	NaN	NaN	NaN	NaN	NaN	NaN	2
CH701-30	8	89	85	860.19222	793.884445	66.30278	349	296	3.5	222	1	115	40	608	83	45	52.5	0	NaN	NaN	NaN	6	20	14.4	35	149	129	12	90	79	27	4.2	2
CH9	4	97	94	936.94222	913.634445	23.30278	317	316.5	1	178	0	85	15	630	64	30	50	0	NaN	NaN	NaN	4	27	13.7	38	92	82	14	50	47	16	6.6	1
CI.7	5	NaN	106	NaN	964.80278	NaN	432	340	6	366	1	160	65	982	76	70	80	0	NaN	NaN	NaN	3	18	4.6	NaN	NaN	NaN	NaN	NaN	NaN	NaN	NaN	3
CI187-2	6	122	121	964.80278	NaN	NaN	339	209	16	236	4	105	55	688	86	45	50	0	NaN	NaN	NaN	3	NaN	NaN	NaN	NaN	NaN	NaN	NaN	NaN	NaN	NaN	2
CI21E	5	92	92	896.413335	896.413335	0	428	329	7	286	3	165	55	843	96	60	57.5	NaN	69.03	13.1	4.36	3	31.5	24.45	44	166	NaN	14	90	83.5	NaN	7.35	2
CI28A	9	106	102	964.80278	964.80278	0	376	282.5	10	228	2	120	55	745	97	60	60	0	66.85	14.68	4.72	4	23	13.9	31	127	58	12	40	35	12	3.8	2
CI31A	5	101	97	964.80278	936.94222	27.860555	397	276.5	16	264	2	135	75	846	92	60	57.5	NaN	64.92	14.79	5.18	2	NaN	NaN	32	130	NaN	NaN	NaN	NaN	NaN	NaN	1
CI3A	2	NaN	NaN	NaN	NaN	NaN	NaN	NaN	NaN	NaN	NaN	NaN	NaN	NaN	NaN	NaN	NaN	NaN	NaN	NaN	NaN	NaN	NaN	NaN	NaN	NaN	NaN	NaN	NaN	NaN	NaN	NaN	NaN
CI64	6	97	97	936.94222	936.94222	0	393.5	336	6.5	236	0	165	100	956	74	65	65	NaN	69.19	13.2	3.79	2	31	24	46	157	128	18	95	94	23.5	4.85	2
CI66	3	NaN	121	NaN	964.80278	NaN	196	193	2	136	0	105	NaN	390	74	NaN	NaN	0	NaN	NaN	NaN	NaN	NaN	NaN	NaN	NaN	NaN	NaN	NaN	NaN	NaN	NaN	2
CI90C	4	121	120	964.80278	NaN	NaN	417	247	15	320	3	117.5	57.5	615	58	65	70	0	NaN	NaN	NaN	3	NaN	NaN	NaN	NaN	NaN	NaN	NaN	NaN	NaN	NaN	3
CI91B	6	106	106	964.80278	964.80278	0	256.5	217	7.5	140	0	105	45	590	66	75	NaN	0	NaN	NaN	NaN	3	21	9.15	36.5	118.5	108.5	NaN	45	NaN	NaN	3.1	2
CM105	9	84	81	778.55278	736.72111	41.831665	275	251.5	2	126	0	100	25	627	60	40	67.5	0	72.18	12.02	2.93	5	24	15.9	33	164	127	NaN	30	NaN	NaN	4.1	1
CM174	9	95	90	924.110555	870.55278	53.55278	212	199.5	2	128	0	80	20	494	55	NaN	45	0	NaN	NaN	NaN	4	NaN	NaN	NaN	NaN	NaN	NaN	NaN	NaN	NaN	NaN	2
CM37	3	NaN	NaN	NaN	NaN	NaN	176.5	129	8	140	1	NaN	NaN	NaN	NaN	NaN	NaN	NaN	NaN	NaN	NaN	NaN	NaN	NaN	NaN	NaN	NaN	NaN	NaN	NaN	NaN	NaN	NaN
CM7	4	83	83	765	765	0	283.5	225	4	156	0	85	15	463	62	NaN	NaN	0	NaN	NaN	NaN	7	26	6.2	34	101	85	14	50	NaN	18	3.6	1
CML10	6	NaN	NaN	NaN	NaN	NaN	357	218	16	284	2	NaN	NaN	891	79	NaN	NaN	0	NaN	NaN	NaN	2	NaN	NaN	NaN	NaN	NaN	NaN	NaN	NaN	NaN	NaN	2
CML103	6	102	102	964.80278	964.80278	0	360	260	14	316	2	175	110	898	103	80	70	NaN	68.27	14.57	3.67	3	28.5	21.8	38.5	157	132.5	13	90	74	29	4	1
CML108	5	105	105	964.80278	964.80278	0	327	280	5	224	2	125	55	733	103	80	65	NaN	62.68	11.87	4.94	3	34	23.4	39	126	97	18	50	47	16	2.1	3
CML11	8	119	119	964.80278	NaN	NaN	454	258	20	278	7	210	135	930	91	85	80	NaN	NaN	NaN	NaN	2	24	15	32	170	NaN	10	NaN	22	NaN	NaN	1
CML14	6	NaN	NaN	NaN	NaN	NaN	381	188	23	286	5	165	90	746	116	NaN	55	NaN	NaN	NaN	NaN	2	NaN	NaN	NaN	NaN	NaN	NaN	NaN	NaN	NaN	NaN	3
CML154Q	8	NaN	NaN	NaN	NaN	NaN	372	310	11	296	0	120	60	878	75	NaN	75	0	NaN	NaN	NaN	3	34	39.2	37	162	138	NaN	NaN	NaN	NaN	NaN	2
CML157Q	2	106	105	964.80278	964.80278	0	360	203	19	268	6	195	125	1056	117	80	80	NaN	NaN	NaN	NaN	3	26	11.2	39.5	138	104	16	50	46.5	18	3.2	3
CML158Q	8	NaN	121	NaN	964.80278	NaN	319	178	27	220	9	NaN	NaN	894	109	NaN	NaN	1	NaN	NaN	NaN	3	NaN	NaN	NaN	NaN	NaN	NaN	NaN	NaN	NaN	NaN	2
CML218	5	123	121	964.80278	964.80278	0	308	176	13	178	5	140	60	850	88	NaN	NaN	1	NaN	NaN	NaN	2	NaN	NaN	NaN	NaN	NaN	NaN	NaN	NaN	NaN	NaN	3
CML220	1	120	117	NaN	964.80278	NaN	295	148	27	176	4	95	35	672	77	NaN	NaN	0	NaN	NaN	NaN	2	NaN	NaN	34	144	123	NaN	NaN	NaN	NaN	NaN	2
CML228	7	NaN	NaN	NaN	NaN	NaN	353	217	9	274	6	155	100	835	62	NaN	75	0	NaN	NaN	NaN	3	NaN	NaN	NaN	NaN	NaN	NaN	NaN	NaN	NaN	NaN	2
CML238	1	125	121	NaN	NaN	NaN	358	221	33	240	9	160	75	909	107	NaN	65	NaN	NaN	NaN	NaN	2	NaN	NaN	NaN	NaN	NaN	NaN	NaN	NaN	NaN	NaN	3
CML247	2	123	121	964.80278	964.80278	0	331	240	16	244	1	170	85	968	97	NaN	70	NaN	NaN	NaN	NaN	2	NaN	NaN	NaN	NaN	NaN	NaN	NaN	NaN	NaN	NaN	3
CML254	12	NaN	NaN	NaN	NaN	NaN	NaN	NaN	NaN	NaN	NaN	NaN	NaN	941	85	NaN	NaN	0	NaN	NaN	NaN	2	NaN	NaN	NaN	NaN	NaN	NaN	NaN	NaN	NaN	NaN	1
CML258	4	NaN	NaN	NaN	NaN	NaN	NaN	NaN	NaN	NaN	NaN	NaN	NaN	851	75	NaN	NaN	0	NaN	NaN	NaN	2	NaN	NaN	NaN	NaN	NaN	NaN	NaN	NaN	NaN	NaN	2
CML261	7	NaN	NaN	NaN	NaN	NaN	382	240	27	228	6	170	NaN	887	107	NaN	NaN	NaN	NaN	NaN	NaN	2	NaN	NaN	NaN	NaN	NaN	NaN	NaN	NaN	NaN	NaN	2
CML264	4	NaN	NaN	NaN	NaN	NaN	NaN	NaN	NaN	NaN	NaN	NaN	NaN	764	88	NaN	NaN	0	NaN	NaN	NaN	1	NaN	NaN	NaN	NaN	NaN	NaN	NaN	NaN	NaN	NaN	2
CML277	1	NaN	NaN	NaN	NaN	NaN	NaN	NaN	NaN	NaN	NaN	NaN	NaN	NaN	NaN	NaN	NaN	NaN	NaN	NaN	NaN	3	NaN	NaN	NaN	NaN	NaN	NaN	NaN	NaN	NaN	NaN	4
CML281	8	NaN	NaN	NaN	NaN	NaN	319	209	21	228	3	NaN	NaN	887	102	NaN	NaN	0	NaN	NaN	NaN	3	NaN	NaN	NaN	NaN	NaN	NaN	NaN	NaN	NaN	NaN	1
CML287	9	NaN	NaN	NaN	NaN	NaN	387	229	22	266	4	NaN	NaN	NaN	NaN	NaN	75	0	NaN	NaN	NaN	2	NaN	NaN	NaN	NaN	NaN	NaN	NaN	NaN	NaN	NaN	4
CML311	2	NaN	NaN	NaN	NaN	NaN	403	260	20	252	6	175	80	710	80	55	50	NaN	NaN	NaN	NaN	2	31	26.2	39	146	NaN	18	NaN	41	NaN	NaN	3
CML314	7	122	118	NaN	NaN	NaN	430	237	17	286	5	230	125	967	83	75	70	NaN	NaN	NaN	NaN	2	NaN	NaN	NaN	NaN	NaN	NaN	NaN	NaN	NaN	NaN	2
CML321	7	NaN	121	NaN	964.80278	NaN	388	289	9	264	0	165	75	1056	107	NaN	NaN	NaN	NaN	NaN	NaN	3	NaN	NaN	NaN	NaN	NaN	NaN	NaN	NaN	NaN	NaN	2
CML322	10	NaN	NaN	NaN	NaN	NaN	327	266	4	224	0	130	75	853	83	30	55	0	NaN	NaN	NaN	2	22	7.5	33	124	NaN	12	30	23	NaN	1.7	1
CML323	9	108	105	964.80278	964.80278	0	414	318	8	276	2	120	60	983	63	65	70	NaN	64.57	16.36	5.71	4	25	15	34	153	NaN	12	NaN	40	NaN	2.8	2
CML328	1	NaN	NaN	NaN	NaN	NaN	327	203	19	224	2	150	105	689	91	NaN	NaN	1	NaN	NaN	NaN	3	NaN	NaN	NaN	NaN	NaN	NaN	NaN	NaN	NaN	NaN	3
CML331	1	NaN	NaN	NaN	NaN	NaN	358	261	14	296	2	NaN	NaN	848	95	NaN	NaN	0	NaN	NaN	NaN	3	NaN	NaN	NaN	NaN	NaN	NaN	NaN	NaN	NaN	NaN	2
CML332	9	NaN	NaN	NaN	NaN	NaN	456	308	15	338	6	165	95	963	84	75	65	NaN	NaN	NaN	NaN	3	NaN	NaN	NaN	NaN	NaN	NaN	NaN	NaN	NaN	NaN	1
CML333	7	NaN	NaN	NaN	NaN	NaN	269	135	33	176	7	175	110	828	9	75	75	0	NaN	NaN	NaN	2	NaN	NaN	NaN	NaN	NaN	NaN	NaN	NaN	NaN	NaN	1
CML341	5	NaN	NaN	NaN	NaN	NaN	369	247	8	338	3	195	120	953	103	80	75	NaN	NaN	NaN	NaN	2	32	23.7	37	135	114	14	NaN	40	23	NaN	1
CML38	8	106	104	964.80278	964.80278	0	379	258	16	216	4	165	95	923	105	85	77.5	NaN	60.87	14.99	5.19	2	35	25	37	160	112	16	30	NaN	22	1.9	1
CML45	7	NaN	NaN	NaN	NaN	NaN	NaN	NaN	NaN	NaN	NaN	NaN	NaN	1001	99	NaN	NaN	0	NaN	NaN	NaN	2	NaN	NaN	NaN	NaN	NaN	NaN	NaN	NaN	NaN	NaN	2
CML5	2	NaN	NaN	NaN	NaN	NaN	399	329	9	336	2	NaN	NaN	1003	78	NaN	NaN	NaN	NaN	NaN	NaN	2	NaN	NaN	NaN	NaN	NaN	NaN	NaN	NaN	NaN	NaN	2
CML52	3	NaN	NaN	NaN	NaN	NaN	345	207	18	242	3	200	130	866	105	NaN	NaN	NaN	NaN	NaN	NaN	2	NaN	NaN	NaN	NaN	NaN	NaN	NaN	NaN	NaN	NaN	3
CML61	2	NaN	NaN	NaN	NaN	NaN	NaN	NaN	NaN	NaN	NaN	NaN	NaN	NaN	NaN	NaN	NaN	NaN	NaN	NaN	NaN	NaN	NaN	NaN	NaN	NaN	NaN	NaN	NaN	NaN	NaN	NaN	NaN
CML69	5	NaN	121	NaN	964.80278	NaN	267	219	11	232	2	155	NaN	980	101	NaN	NaN	0	NaN	NaN	NaN	2	NaN	NaN	NaN	NaN	NaN	NaN	NaN	NaN	NaN	NaN	2
CML77	7	NaN	NaN	NaN	NaN	NaN	367	269	8	238	0	135	60	697	61	60	55	0	NaN	NaN	NaN	2	27	18.3	36	124	NaN	14	30	34	NaN	2.9	1
CML91	5	106	104	964.80278	964.80278	0	389	240	12	278	3	175	75	846	97	80	55	NaN	NaN	NaN	NaN	2	NaN	NaN	NaN	NaN	NaN	NaN	NaN	NaN	NaN	NaN	1
CML92	4	NaN	122	NaN	NaN	NaN	277	177	12	212	2	135	NaN	641	73	NaN	NaN	0	NaN	NaN	NaN	3	NaN	NaN	NaN	NaN	NaN	NaN	NaN	NaN	NaN	NaN	2
CMV3	10	80	81	720.831665	736.72111	-15.884445	310.5	254	6	168	0	105	30	595	64	NaN	52.5	NaN	NaN	NaN	NaN	7	NaN	NaN	NaN	NaN	NaN	NaN	NaN	NaN	NaN	NaN	2
CO106	7	73	73	633.413335	633.413335	0	258	185	10	208	1	105	50	581	80	NaN	NaN	NaN	NaN	NaN	NaN	7	NaN	NaN	NaN	NaN	NaN	NaN	NaN	NaN	NaN	NaN	1
CO125	4	80	78	720.831665	691.55278	29.27389	216	211	0	NaN	0	80	10	480	52	NaN	NaN	NaN	NaN	NaN	NaN	7	NaN	NaN	28	65	47	12	NaN	10	9	NaN	2
CO255	12	80	77	720.831665	680.55278	40.27389	196.5	167	2.5	96	0	115	30	451	52	NaN	65	NaN	NaN	NaN	NaN	7	NaN	NaN	NaN	NaN	NaN	NaN	NaN	NaN	NaN	NaN	3
D940Y	3	123	120	964.80278	964.80278	0	402	259	11	306	4	155	70	924	108	80	70	0	NaN	NaN	NaN	2	NaN	NaN	NaN	NaN	NaN	NaN	NaN	NaN	NaN	NaN	2
DE_2	2	94	90	913.634445	870.55278	43.081665	360	268	9	NaN	NaN	NaN	35	722	94	65	67.5	0	NaN	NaN	NaN	4	30	31.9	44	163	159	14	110	107	18	6.3	4
DE_3	7	106	104	964.80278	964.80278	0	287	205	11	208	1	125	60	793	86	70	70	0	63.26	13.32	4.33	3	26	18.4	35	114	111	16	60	46	17	2.6	2
DE1	5	97	94	936.94222	913.634445	23.30278	365.5	294	9.5	190	0	130	55	694	84	65	67.5	0	62.19	14.5	4.43	2	27.5	29.2	42.5	180.5	158.5	14	120	104	22	5.6	1
DE811	3	92	91	896.413335	881.610555	14.80278	345	264.5	4	242	2	170	80	775	79	75	70	NaN	NaN	NaN	NaN	3	25	16.5	46	167	141	16	140	117	28	6.1	2
E2558W	11	NaN	106	NaN	964.80278	NaN	382	278	9	240	0	110	55	769	85	60	70	2	NaN	NaN	NaN	2	NaN	NaN	NaN	NaN	NaN	NaN	NaN	NaN	NaN	NaN	1
EP1	8	77	76	680.55278	671.25	9.30278	244	183	12	120	0	90	20	447	68	NaN	45	1	58.34	18.54	4.74	7	31	13.5	35	139	NaN	14	50	39	NaN	4.2	1
F2834T	6	103	101	964.80278	964.80278	0	397.5	341.5	6	266	1	100	35	761	67	75	67.5	1	NaN	NaN	NaN	3	26	15.2	34	133	NaN	12	40	37	NaN	4.3	3
F44	7	103	98	964.80278	944.110555	20.69222	400.5	241.5	18.5	220	6	185	110	880	77	65	60	NaN	64.93	14.05	3.78	4	NaN	NaN	33	111	70	NaN	NaN	17	11	NaN	1
F6	5	105	105	964.80278	964.80278	0	410	238	20	266	6	175	100	878	107	75	75	NaN	NaN	NaN	NaN	2	21.5	11.8	33.5	129	106.5	12	30	32	22	3.05	2
F7	7	72	72	620.360555	620.360555	0	295	293	1	168	0	85	45	663	60	NaN	NaN	NaN	NaN	NaN	NaN	7	23	8.2	33	126	119	10	50	36	18	3.7	1
GA209	4	121	NaN	964.80278	NaN	NaN	383	248	18	256	4	160	85	821	81	75	60	NaN	NaN	NaN	NaN	2	NaN	NaN	NaN	NaN	NaN	NaN	NaN	NaN	NaN	NaN	1
GT112	5	NaN	NaN	NaN	NaN	NaN	281	228	13	188	2	NaN	NaN	NaN	NaN	NaN	70	NaN	NaN	NaN	NaN	3	NaN	NaN	NaN	NaN	NaN	NaN	NaN	NaN	NaN	NaN	4
H105W	10	88	85	847.05278	793.884445	53.163335	376.5	280.5	7	186	0	135	60	824	64	35	67.5	NaN	63.01	15.38	3.82	4	NaN	NaN	47	189	172	16	NaN	99	37	NaN	1
H49	5	89	87	860.19222	832.163335	28.02389	287	205	7	222	3	155	60	760	114	35	45	NaN	69.92	14.02	4.01	4	23	14.3	39	169	148	18	90	139	34	5.2	2
H84	0	NaN	NaN	NaN	NaN	NaN	NaN	NaN	NaN	NaN	NaN	NaN	NaN	NaN	NaN	NaN	NaN	NaN	NaN	NaN	NaN	NaN	NaN	NaN	NaN	NaN	NaN	NaN	NaN	NaN	NaN	NaN	NaN
H91	8	104	100	964.80278	964.80278	0	323.5	273.5	6	210	1	145	60	780	82	50	75	0	66.17	14.63	3.51	4	26	16.7	43	164	120	14	50	45	16	3.8	1
H95	7	97	93	936.94222	904.77389	32.163335	356.5	249.5	12.5	262	2	120	45	678	78	70	65	0	70.85	11.87	3.48	2	27	25.5	34	149.5	NaN	14	60	50	NaN	4.6	1
H99	0	NaN	NaN	NaN	NaN	NaN	NaN	NaN	NaN	NaN	NaN	NaN	NaN	NaN	NaN	NaN	NaN	NaN	NaN	NaN	NaN	NaN	NaN	NaN	NaN	NaN	NaN	NaN	NaN	NaN	NaN	NaN	NaN
Hi27	6	121	121	964.80278	NaN	NaN	269	186	14	160	2	165	100	841	76	75	75	NaN	NaN	NaN	NaN	3	NaN	NaN	NaN	NaN	NaN	NaN	NaN	NaN	NaN	NaN	2
HP301	2	102	98	964.80278	944.110555	20.69222	401.5	278	9	264	1	100	35	752	66	45	52.5	1	NaN	NaN	NaN	2	NaN	NaN	NaN	NaN	NaN	NaN	NaN	NaN	NaN	NaN	2
Hy	8	98	97	944.110555	936.94222	7.163335	288.5	244.5	7.5	178	0	95	45	578	59	45	57.5	0	69.43	12.12	3.62	4	NaN	NaN	NaN	NaN	NaN	NaN	NaN	NaN	NaN	NaN	2
I137TN	0	NaN	NaN	NaN	NaN	NaN	NaN	NaN	NaN	NaN	NaN	NaN	NaN	NaN	NaN	NaN	NaN	NaN	NaN	NaN	NaN	NaN	NaN	NaN	NaN	NaN	NaN	NaN	NaN	NaN	NaN	NaN	NaN
I205	4	88	87	847.05278	832.163335	14.884445	307	225	6	198	1	120	50	678	57	60	57.5	NaN	NaN	NaN	NaN	4.5	21	6.1	32	91	NaN	10	10	19	NaN	5.1	2
I29	6	80	77	720.831665	680.55278	40.27389	339	257	11	208	0	115	55	721	76	45	45	NaN	68.34	13.25	3.86	7	25	13.4	35.66666667	123.6666667	NaN	18	46.66666667	49.33333333	NaN	2.533333333	1
IA2132	1	90	86	870.55278	812.581665	57.97111	391	329	8	296	1	105	40	642	72	55	62.5	NaN	58.96	18.82	6.27	6	27	8.1	35	119	NaN	12	40	33	NaN	5.7	3
Ia5125	1	86	85	812.581665	793.884445	18.69222	218	197	6	NaN	NaN	85	25	NaN	NaN	NaN	NaN	NaN	NaN	NaN	NaN	7	NaN	NaN	NaN	NaN	NaN	NaN	NaN	NaN	NaN	NaN	4
IDS28	11	93	90	904.77389	870.55278	34.22111	285.5	221.5	15	160	0	135	70	657	54	55	60	0	66.57	16.93	4.79	6	17	4.2	NaN	NaN	75	NaN	NaN	NaN	NaN	2.3	2
IDS69	1	107	107	964.80278	964.80278	0	308	222	13	178	0	70	40	644	51	NaN	50	NaN	NaN	NaN	NaN	3	NaN	NaN	NaN	NaN	NaN	NaN	NaN	NaN	NaN	NaN	3
IDS91	3	94	92	913.634445	896.413335	17.22111	328	249	10	190	0	75	35	629	59	50	32.5	NaN	64.99	12.95	3.8	3	NaN	NaN	28	132	63	14	NaN	27	12	NaN	2
Il101	3	85	83	793.884445	765	28.884445	388	261	11	240	3	110	15	676	50	60	NaN	NaN	NaN	NaN	NaN	5	NaN	NaN	NaN	NaN	NaN	NaN	NaN	NaN	NaN	NaN	3
Il14H	5	85	83	793.884445	765	28.884445	415	252.5	12	286	1	145	45	582	67	40	35	0	61.68	19.02	7	5	22	11.7	36	120	NaN	10	60	49	NaN	8.6	1
Il677a	0	NaN	NaN	NaN	NaN	NaN	NaN	NaN	NaN	NaN	NaN	NaN	NaN	NaN	NaN	NaN	NaN	NaN	NaN	NaN	NaN	NaN	NaN	NaN	NaN	NaN	NaN	NaN	NaN	NaN	NaN	NaN	NaN
K148	4	97	93	936.94222	904.77389	32.163335	339	234	10.5	198	0	120	25	676	58	75	82.5	NaN	64.43	17.29	4.59	3	NaN	NaN	NaN	NaN	NaN	NaN	NaN	NaN	NaN	NaN	2
K4	9	NaN	107	NaN	964.80278	NaN	338	239	17	224	0	140	60	730	88	70	70	0	NaN	NaN	NaN	3	NaN	NaN	NaN	NaN	NaN	NaN	NaN	NaN	NaN	NaN	1
K55	4	107	101	964.80278	964.80278	0	238.5	187	8.5	156	1	110	35	656	70	65	65	0	NaN	NaN	NaN	3	NaN	NaN	NaN	NaN	NaN	NaN	NaN	NaN	NaN	NaN	2
K64	9	94	94	913.634445	913.634445	0	370	289	12	208	1	170	80	905	88	60	67.5	NaN	72.68	10.7	2.99	3	31	24.05	47	173	156	14	125	114.5	28	6	1
Ki11	8	121	119	964.80278	964.80278	0	336	272	11	242	2	155	90	941	116	75	75	NaN	NaN	NaN	NaN	4	32	21.7	41	143	120	12	60	52	24	3.2	1
Ki14	6	NaN	NaN	NaN	NaN	NaN	321	169	18	178	7	NaN	NaN	827	100	NaN	NaN	0	NaN	NaN	NaN	3	NaN	NaN	NaN	NaN	NaN	NaN	NaN	NaN	NaN	NaN	2
Ki2021	5	NaN	NaN	NaN	NaN	NaN	351	150	25	224	5	NaN	NaN	803	115	NaN	NaN	1	NaN	NaN	NaN	3	NaN	NaN	NaN	NaN	NaN	NaN	NaN	NaN	NaN	NaN	4
Ki21	6	NaN	121	NaN	NaN	NaN	374	205	18	298	3	130	65	777	83	60	NaN	1	NaN	NaN	NaN	2	NaN	NaN	NaN	NaN	NaN	NaN	NaN	NaN	NaN	NaN	3
Ki3	5	104	100	964.80278	964.80278	0	279	158	11	238	4	135	60	865	100	70	60	NaN	59.96	14.34	5	2	32	25.4	37	132	64	14	NaN	40	11	2.7	2
Ki43	3	NaN	NaN	NaN	NaN	NaN	377	279	7	276	2	115	42.5	NaN	NaN	60	75	1	NaN	NaN	NaN	2	NaN	NaN	NaN	NaN	NaN	NaN	NaN	NaN	NaN	NaN	2
Ki44	3	NaN	121	NaN	NaN	NaN	298	210	12	228	5	125	60	701	87	NaN	NaN	NaN	NaN	NaN	NaN	2	NaN	NaN	NaN	NaN	NaN	NaN	NaN	NaN	NaN	NaN	2
Ky21	2	106	100	964.80278	964.80278	0	391	234	12	304	5	150	80	794	102	80	77.5	NaN	63.83	16.1	3.61	3	30	30.7	40	162	NaN	12	60	67	NaN	6.4	2
KY226	5	NaN	NaN	NaN	NaN	NaN	308	249	14	212	2	150	60	862	85	55	40	NaN	NaN	NaN	NaN	4	25	11.5	36	97	68	12	40	40	12	5.4	3
KY228	2	100	97	964.80278	936.94222	27.860555	320	205	20	230	4	155	65	860	91	70	57.5	NaN	66.13	14.02	3.95	3	25	15.3	31	141	108	10	40	36	21	3.9	2
L317	8	101	94	964.80278	913.634445	51.163335	319	219	22	148	1	190	100	762	96	60	47.5	NaN	66.61	14.74	4.93	3	34	29.8	42	201	NaN	16	40	NaN	NaN	5.2	2
L578	5	102	102	964.80278	964.80278	0	360	247	6.5	230	2	215	120	865	100	85	75	NaN	NaN	NaN	NaN	3	NaN	NaN	NaN	NaN	NaN	NaN	NaN	NaN	NaN	NaN	1
M017	7.6	91.11111111	86.44444444	870.1958344	811.1639588	59.02937438	326.4	270	4	188.4	0.3	139	57	532.35	79.15	46	62.36842105	NaN	NaN	NaN	NaN	2.5	21.2	13.13333333	35.4	184.2666667	169.9333333	8.933333333	96.66666667	83.4	31.06666667	6	1.7
M14	8	90	88	870.55278	847.05278	23.5	376	288	7	254	0	120	35	610	80	30	55	NaN	68.18	15.68	4.09	2	30	18.55	46	150	98	16	90	81.5	19	5.15	2
M162W	8	NaN	NaN	NaN	NaN	NaN	276	220	8	178	2	125	70	826	95	35	50	1	NaN	NaN	NaN	3	24	10	34.5	106.5	76	12	30	25.5	12	2.4	2
M37W	5	NaN	96	NaN	930.47111	NaN	417	289	13	276	4	160	80	946	115	75	60	NaN	67.83	15.42	3.22	3	28.5	28.85	36.5	169	124	13	70	69	24	3.8	1
MEF156-55-2	6	85	84	793.884445	778.55278	15.331665	259.5	218.5	5	156	0	105	30	527	55	35	70	NaN	NaN	NaN	NaN	7	NaN	NaN	NaN	NaN	NaN	NaN	NaN	NaN	NaN	NaN	2
MO044	NaN	NaN	NaN	NaN	NaN	NaN	NaN	NaN	NaN	NaN	NaN	NaN	NaN	NaN	NaN	NaN	NaN	NaN	NaN	NaN	NaN	NaN	NaN	NaN	NaN	NaN	NaN	NaN	NaN	NaN	NaN	NaN	NaN
MO054	NaN	NaN	NaN	NaN	NaN	NaN	NaN	NaN	NaN	NaN	NaN	NaN	NaN	NaN	NaN	NaN	NaN	NaN	NaN	NaN	NaN	NaN	NaN	NaN	NaN	NaN	NaN	NaN	NaN	NaN	NaN	NaN	NaN
Mo17	4.214285714	NaN	NaN	884.1607082	838.7774255	57.182166	NaN	NaN	NaN	217.2307692	0.307692308	NaN	NaN	NaN	NaN	NaN	55.625	0.166666667	NaN	NaN	NaN	3	21.08333333	13.13333333	NaN	176.0909091	NaN	NaN	85.83333333	NaN	NaN	6.1	1.692307692
Mo17_B73	NaN	NaN	NaN	NaN	NaN	NaN	NaN	NaN	NaN	NaN	NaN	NaN	NaN	NaN	NaN	NaN	NaN	NaN	NaN	NaN	NaN	NaN	NaN	NaN	NaN	NaN	NaN	NaN	NaN	NaN	NaN	NaN	NaN
Mo18W	5	NaN	107	NaN	964.80278	NaN	463	270	30	358	5	170	90	1004	104	80	55	NaN	NaN	NaN	NaN	2	NaN	NaN	34	124	NaN	16	NaN	31	NaN	NaN	1
MO1W	11	90	87	870.55278	832.163335	38.384445	349	242	4	276	1	140	55	742	110	40	52.5	NaN	66.57	14.51	3.66	3	29	16.35	46	125	112.5	16	115	101	27.5	4.95	1
Mo24W	8	99	94	954.02389	913.634445	40.384445	488	276	17	356	4	180	105	1024	92	75	70	NaN	63.1	14.04	4.69	4	34	37.45	43.5	141.5	NaN	NaN	60	78.5	NaN	3.7	2
Mo44	7	90	85	870.55278	793.884445	76.663335	367	300	5	238	0	150	55	845	73	65	65	NaN	67.05	12.8	4.64	2	26.5	31.5	42.5	178.5	156.5	18	160	137	29	5.7	1
Mo45	10	106	100	964.80278	964.80278	0	299.5	222.5	7	230	1	140	60	906	92	70	75	0	65.06	12.86	4.63	3	22	18.6	34	160	147	NaN	30	NaN	NaN	2.1	2
Mo46	10	98	91	944.110555	881.610555	62.5	391	258	9	288	2	155	50	860	68	65	75	NaN	61.99	15.92	5.3	3	NaN	NaN	NaN	NaN	NaN	NaN	NaN	NaN	NaN	NaN	2
Mo47	9	88	87	847.05278	832.163335	14.884445	365.5	249	12	228	3	125	35	813	78	40	60	NaN	64.09	15.1	3.6	3	26	14.65	42	118.5	99.5	15	90	83	21.5	4.8	1
MoG	8	97	94	936.94222	913.634445	23.30278	387.5	266.5	11.5	254	1	180	100	885	129	75	60	NaN	64.01	14.3	8.23	3	31	19.25	43.5	137	108	18	70	65.5	16	5.3	1
Mp339	0	NaN	NaN	NaN	NaN	NaN	NaN	NaN	NaN	NaN	NaN	NaN	NaN	NaN	NaN	NaN	NaN	NaN	NaN	NaN	NaN	NaN	NaN	NaN	NaN	NaN	NaN	NaN	NaN	NaN	NaN	NaN	NaN
MS1334	11	84	83	778.55278	765	13.55278	328	269.5	6.5	228	0	125	35	488	48	60	60	0	NaN	NaN	NaN	6	25	16	33	132	NaN	12	50	46	NaN	6	1
MS153	6	90	86	870.55278	812.581665	57.97111	253	192.5	8	158	1	85	25	525	61	35	57.5	0	69.9	11.91	3.75	3	NaN	NaN	NaN	NaN	NaN	NaN	NaN	NaN	NaN	NaN	3
MS71	6	84	83	778.55278	765	13.55278	276	163	15	148	2	150	55	795	73	75	70	NaN	65.48	13.94	5	4	24	19.8	35.5	155.5	NaN	14	75	71	NaN	4.8	2
Mt42	4	73	73	633.413335	633.413335	0	198	136	8	116	0	100	45	608	81	NaN	NaN	NaN	NaN	NaN	NaN	7	NaN	NaN	NaN	NaN	NaN	NaN	NaN	NaN	NaN	NaN	2
N192	7	83	80	765	720.831665	44.163335	307.5	252.5	4.5	208	1	135	55	780	101	75	72.5	NaN	66.13	16.92	4.43	7	25	16.3	37	160	145	14	80	66	NaN	3.9	1
N28Ht	6	97	97	936.94222	936.94222	0	253	195	6	158	0	115	45	624	70	40	65	0	NaN	NaN	NaN	4	30	25.6	43	144	123	18	100	NaN	22	4.8	2
N6	2	NaN	NaN	NaN	NaN	NaN	303	261	11	198	0	105	40	NaN	NaN	70	60	NaN	NaN	NaN	NaN	4	NaN	NaN	NaN	NaN	NaN	NaN	NaN	NaN	NaN	NaN	3
N7A	4	NaN	NaN	NaN	NaN	NaN	NaN	NaN	NaN	NaN	NaN	NaN	NaN	472	34	NaN	NaN	0	NaN	NaN	NaN	4	NaN	NaN	NaN	NaN	NaN	NaN	NaN	NaN	NaN	NaN	4
NC222	4	109	107	964.80278	964.80278	0	296	229	12	186	1	175	75	908	106	80	55	NaN	NaN	NaN	NaN	2	NaN	NaN	NaN	NaN	NaN	NaN	NaN	NaN	NaN	NaN	2
NC230	8	108	106	964.80278	964.80278	0	272.5	211.5	8	180	2	70	30	550	105	NaN	85	0	NaN	NaN	NaN	3	NaN	NaN	NaN	NaN	NaN	NaN	NaN	NaN	NaN	NaN	2
NC232	1	106	104	964.80278	964.80278	0	410	266	10	296	1	130	55	717	96	70	65	NaN	NaN	NaN	NaN	3	37	26.3	NaN	NaN	NaN	20	50	NaN	22	3.8	2
NC236	7	105	104	964.80278	964.80278	0	325	206	19	208	3	130	70	827	111	45	76.66666667	NaN	68.73	13.14	3.44	2	22	11.7	29	132	NaN	NaN	20	22	NaN	3.9	1
NC238	2	NaN	NaN	NaN	NaN	NaN	270	176	11	180	0	NaN	NaN	NaN	NaN	NaN	NaN	0	NaN	NaN	NaN	3	NaN	NaN	NaN	NaN	NaN	NaN	NaN	NaN	NaN	NaN	4
NC250	9	NaN	106	NaN	964.80278	NaN	321.5	216.5	7.5	180	2	90	30	697	76	70	57.5	0	65.96	13.14	3.05	3	NaN	NaN	NaN	NaN	NaN	NaN	NaN	NaN	NaN	NaN	1
NC258	6	102	101	964.80278	964.80278	0	324	249.5	9	188	1	165	60	807	70	75	75	1	64.77	12.66	4.98	2	27	19.6	35	128	NaN	NaN	30	36	NaN	3.9	2
NC260	3	NaN	NaN	NaN	NaN	NaN	NaN	NaN	NaN	NaN	NaN	120	30	576	58	55	NaN	0	NaN	NaN	NaN	2	21	8	34	89	88	NaN	20	NaN	NaN	2	3
NC262	3	85	84	793.884445	778.55278	15.331665	347.5	295	5	228	1	100	30	720	86	65	61.66666667	NaN	NaN	NaN	NaN	6	26	9.7	45	129	100	16	50	54	17	3.75	3
NC264	5	92	90	896.413335	870.55278	25.860555	330	258	16	202	2	140	60	776	90	55	60	NaN	68.09	14.93	4.16	2	26.5	15.2	40	125	111	13	90	76.5	17.5	6.15	2
NC290A	7	105	105	964.80278	964.80278	0	335.5	293	6	178	0	90	30	590	68	65	60	0	NaN	NaN	NaN	2	NaN	NaN	NaN	NaN	NaN	NaN	NaN	NaN	NaN	NaN	3
NC294	7	107	102	964.80278	964.80278	0	257	213.5	5	136	0	130	60	627	71	55	50	0	65.31	13.3	3.43	4	24	10.8	34	120	106	NaN	40	35	NaN	4	1
NC296	7	106	106	964.80278	964.80278	0	420	299	12	294	4	160	85	984	95	70	70	NaN	NaN	NaN	NaN	3	26	14.1	31	147	NaN	12	40	36	NaN	2.9	1
NC296A	4	NaN	108	NaN	964.80278	NaN	377	307	8	284	2	110	40	825	84	NaN	NaN	0	NaN	NaN	NaN	3	NaN	NaN	NaN	NaN	NaN	NaN	NaN	NaN	NaN	NaN	3
NC298	8	106	104	964.80278	964.80278	0	333	218	14	198	2	140	70	716	84	75	72.5	2	64.24	15.19	3.73	3	19	8.1	27	119	NaN	10	20	21	NaN	3	1
NC300	2	NaN	NaN	NaN	NaN	NaN	340	275	9	188	0	170	85	912	73	65	72.5	NaN	NaN	NaN	NaN	3	35	19	42	132	98	12	40	41	19	3.3	3
NC302	9	102	100	964.80278	964.80278	0	372	253	14	240	2	125	50	919	75	75	67.5	0	68.24	13.06	3.82	3	27	24.1	37	178	156	12	60	57	21	4.1	1
NC304	3	NaN	NaN	NaN	NaN	NaN	NaN	NaN	NaN	NaN	NaN	NaN	NaN	399	44	NaN	NaN	NaN	NaN	NaN	NaN	2	NaN	NaN	NaN	NaN	NaN	NaN	NaN	NaN	NaN	NaN	NaN
NC306	11	91	91	881.610555	881.610555	0	296	216.5	12	218	2	145	55	736	97	65	57.5	NaN	70.1	12.84	4.04	3	23	9.65	NaN	NaN	NaN	12	65	58	19.5	5.15	2
NC310	11	94	92	913.634445	896.413335	17.22111	236	146	9	136	1	140	55	641	70	70	60	NaN	69.6	12.86	4.6	3	NaN	NaN	39.5	118.5	101.5	17	NaN	49	19.5	NaN	2
NC314	6	NaN	105	NaN	964.80278	NaN	304	239	7	170	0	130	45	628	51	55	NaN	1	NaN	NaN	NaN	2	NaN	NaN	NaN	NaN	NaN	NaN	NaN	NaN	NaN	NaN	2
NC318	7	105	105	964.80278	964.80278	0	340	215	22	220	3	145	80	909	85	65	70	0	64.31	14.35	4.1	3	20	8	29	104	NaN	NaN	NaN	NaN	NaN	NaN	2
NC320	10	103	100	964.80278	964.80278	0	297	176.5	18.5	180	3	135	70	958	91	70	65	0	67.56	14.11	4.59	2	22	11.9	39	119	98	12	50	NaN	24	2.6	1
NC324	3	92	92	896.413335	896.413335	0	330	270	6	188	1	140	60	797	68	65	52.5	NaN	73.2	11.34	3.72	3	NaN	NaN	NaN	NaN	NaN	NaN	NaN	NaN	NaN	NaN	2
NC326	2	NaN	106	NaN	964.80278	NaN	278	216.5	3	244	1	130	55	699	88	75	NaN	0	NaN	NaN	NaN	4	21	9	32	106	NaN	12	30	23	NaN	2.4	2
NC328	10	98	97	944.110555	936.94222	7.163335	272	216.5	4	180	0	140	60	696	73	75	70	0	69.73	10.79	4.3	2	22	8	NaN	NaN	NaN	NaN	NaN	NaN	NaN	NaN	2
NC33	4	107	102	964.80278	964.80278	0	348	248	12	218	1	175	105	904	94	85	77.5	NaN	62.1	18.3	4.86	3	NaN	NaN	NaN	NaN	NaN	NaN	NaN	NaN	NaN	NaN	4
NC336	2	119	119	NaN	NaN	NaN	321	208	13	236	4	120	45	818	80	75	65	NaN	NaN	NaN	NaN	2	NaN	NaN	NaN	NaN	NaN	NaN	NaN	NaN	NaN	NaN	2
NC338	3	108	108	964.80278	964.80278	0	311	178	14	208	6	160	105	693	91	65	75	NaN	62.26	12.7	3.44	3	24	10.2	27	114	NaN	NaN	10	17	NaN	1.7	2
NC340	6	106	106	964.80278	964.80278	0	337	221	15	212	0	155	80	894	80	70	65	NaN	59.72	14.63	3.31	3	28	16.95	37	191	89	13	50	45	15.5	4.6	2
NC342	11	100	97	964.80278	936.94222	27.860555	324	242.5	7	200	3	150	60	824	90	55	71.66666667	1	65.27	13.72	5.99	3	23	14	30	154	137	NaN	20	NaN	NaN	4.2	1
NC344	4	100	100	964.80278	964.80278	0	269	201	7	128	0	125	45	734	78	60	77.5	0	68.17	13.07	4.98	3	20	9.1	30	112	112	12	30	28	19	3.1	2
NC346	3	NaN	NaN	NaN	NaN	NaN	321	247	10	266	2	NaN	NaN	792	78	NaN	NaN	0	NaN	NaN	NaN	2	NaN	NaN	NaN	NaN	NaN	NaN	NaN	NaN	NaN	NaN	2
NC348	10	107	102	964.80278	964.80278	0	314	224.5	11.5	168	2	140	75	743	87	70	70	0	NaN	NaN	NaN	3	20	8.8	30	114	97	10	40	34	17	3.8	1
NC350	2	NaN	101	NaN	964.80278	NaN	393	228	16	240	4	NaN	NaN	890	77	80	NaN	NaN	NaN	NaN	NaN	6	NaN	NaN	NaN	NaN	NaN	NaN	NaN	NaN	NaN	NaN	4
NC352	7	NaN	108	NaN	964.80278	NaN	381	246	16	296	3	150	60	863	93	80	72.5	0	NaN	NaN	NaN	2	26	12.5	37	145	112	NaN	30	NaN	NaN	2.3	1
NC354	2	NaN	NaN	NaN	NaN	NaN	371	229	15	286	2	140	60	858	85	70	70	NaN	NaN	NaN	NaN	3	26	14.2	37	120	89	15	40	37	16	3.3	2
NC356	9	106	106	964.80278	964.80278	0	351	279	11	262	3	120	60	826	84	45	72.5	0	68.04	12.69	4.67	3	21	8.3	33	105	97	12	30	31	14	3.3	2
NC358	5	106	103	964.80278	964.80278	0	236	156	13	146	2	125	40	657	78	85	67.5	0	NaN	NaN	NaN	3	21	12.5	24	130	NaN	NaN	NaN	NaN	NaN	NaN	2
NC360	10	94	94	913.634445	913.634445	0	410	345.5	8.5	220	0	125	65	844	88	75	70	NaN	63.76	14	5.46	3	26	19.35	39.5	170	153.5	13	75	71.5	29	4.5	1
NC362	0	NaN	NaN	NaN	NaN	NaN	NaN	NaN	NaN	NaN	NaN	NaN	NaN	NaN	NaN	NaN	NaN	NaN	NaN	NaN	NaN	NaN	NaN	NaN	NaN	NaN	NaN	NaN	NaN	NaN	NaN	NaN	NaN
NC364	7	94	92	913.634445	896.413335	17.22111	392	340	4	294	1	160	55	723	89	45	75	NaN	68.54	13.96	4.29	3	25	24.8	40	179	168	14	90	78	29	5.3	1
NC366	6	122	121	NaN	NaN	NaN	315	219	13	200	3	150	45	842	107	55	65	0	NaN	NaN	NaN	2	NaN	NaN	NaN	NaN	NaN	NaN	NaN	NaN	NaN	NaN	2
NC368	8	92	92	896.413335	896.413335	0	278	212	8	180	2	155	60	772	88	80	57.5	NaN	66.86	14.34	4.18	4	NaN	NaN	NaN	NaN	NaN	NaN	NaN	NaN	NaN	NaN	1
ND246	9	73	73	633.413335	633.413335	0	256.5	159	13.5	178	2	105	40	560	59	55	62.5	NaN	67.18	16.16	5.13	7	NaN	NaN	NaN	NaN	NaN	NaN	NaN	NaN	NaN	NaN	1
Oh40B	7	93	88	904.77389	847.05278	57.72111	388	290	6	282	1	125	50	654	77	60	65	NaN	68.94	13.99	3.84	5	31	21.2	NaN	NaN	NaN	12	80	75	28	3.2	1
Oh43	6	86	85	812.581665	793.884445	18.69222	305	247.5	6	218	0	100	20	566	58	40	55	NaN	68.86	13.9	3.46	5	23	15.7	36	172	163	14	100	NaN	32	3	2
Oh43E	2	107	98	NaN	NaN	NaN	270	248.5	2	198	0	85	15	550	67	75	NaN	0	NaN	NaN	NaN	3	NaN	7	29	109	80	NaN	NaN	NaN	NaN	NaN	2
Oh603	0	NaN	NaN	NaN	NaN	NaN	NaN	NaN	NaN	NaN	NaN	NaN	NaN	NaN	NaN	NaN	NaN	NaN	NaN	NaN	NaN	NaN	NaN	NaN	NaN	NaN	NaN	NaN	NaN	NaN	NaN	NaN	NaN
OH7B	8	101	98	964.80278	944.110555	20.69222	397	267.5	7.5	226	1	155	60	753	96	75	80	0	67.23	14.39	4.49	4	22	16	32	144	NaN	12	40	43	NaN	5.1	1
Os420	7	85	83	793.884445	765	28.884445	380	309	6	274	1	165	60	832	82	NaN	57.5	NaN	61.33	19.17	3.52	5	26.5	17.4	40	143.5	NaN	13	85	78.5	NaN	4.45	2
P39	6	85	80	793.884445	720.831665	73.05278	252	200.5	7	168	0	80	30	577	49	NaN	NaN	NaN	NaN	NaN	NaN	7	NaN	NaN	NaN	NaN	NaN	NaN	NaN	NaN	NaN	NaN	2
Pa762	6	92	91	896.413335	881.610555	14.80278	324.5	267.5	5	240	0	150	65	735	95	80	55	NaN	66.58	15.2	4.6	2	27	20.7	41	144	137	14	110	104	27.5	5.7	3
Pa875	6	97	94	936.94222	913.634445	23.30278	293.5	206	22	136	0	115	55	701	73	35	65	0	68.86	13.67	3.55	3	26	14.55	41	138.5	107	15	100	67.5	22.5	3.9	2
Pa880	9	105	94	NaN	NaN	NaN	338.5	186	14.5	222	4	125	50	735	79	70	70	2	66.79	15.57	4.31	NaN	25	12.9	36	106	86	14	30	29	12	2.7	2
Pa91	9	107	97	NaN	NaN	NaN	376	266.5	7.5	188	1	130	45	802	83	65	57.5	0	NaN	NaN	NaN	3	NaN	NaN	NaN	NaN	NaN	NaN	NaN	NaN	NaN	NaN	2
R109B	8	87	87	832.163335	832.163335	0	329.5	243	8.5	156	0	145	60	772	56	70	55	NaN	NaN	NaN	NaN	2	NaN	NaN	NaN	NaN	NaN	NaN	NaN	NaN	NaN	NaN	2
R168	8	84	85	778.55278	793.884445	-15.331665	316	227	9	230	2	150	65	763	68	65	62.5	NaN	69.07	14.32	5.63	4	22.5	11.75	32.5	135	131.5	15	45	46	29	2.1	1
R177	8	87	85	832.163335	793.884445	38.27389	319.5	227.5	7	198	0	155	45	727	83	45	55	NaN	73.69	11.5	3.9	2	26.5	16.65	40	129.5	100.5	14	75	72	16.5	6.55	1
R229	5	106	102	964.80278	964.80278	0	330	276	5	170	1	140	65	795	74	80	70	1	70.91	11.3	3.68	4	27	14.3	38	115	91	16	50	40	14	3.2	1
R4	5	91	90	881.610555	870.55278	11.05278	366	276	7	210	1	160	60	817	93	65	57.5	NaN	66.79	18.08	3.47	3	24	17.05	32.5	164.5	NaN	12	65	56.5	NaN	3.9	2
SA24	9	98	90	944.110555	870.55278	73.55278	461	321.5	14	310	3	140	65	839	83	40	62.5	NaN	73.23	9.89	3.53	3	21.5	17.1	31.5	176.5	157.5	14	70	74.5	30	3.75	3
SC213R	5	106	106	964.80278	964.80278	0	357	229	16	220	4	175	70	1060	128	80	55	NaN	60.17	15.73	7.38	2	NaN	NaN	NaN	NaN	NaN	NaN	NaN	NaN	NaN	NaN	1
SC357	7	107	106	964.80278	964.80278	0	257	165	18	158	2	135	65	814	78	70	77.5	NaN	57.71	16.62	6.9	2	NaN	NaN	NaN	NaN	NaN	NaN	NaN	NaN	NaN	NaN	2
SC55	7	NaN	NaN	NaN	NaN	NaN	208	145	24	158	2	NaN	NaN	822	85	NaN	NaN	0	NaN	NaN	NaN	3	NaN	NaN	NaN	NaN	NaN	NaN	NaN	NaN	NaN	NaN	1
SD40	10	97	97	936.94222	936.94222	0	416.5	242	18	274	3	180	85	803	103	60	80	NaN	72.23	12.55	4.66	3	29.5	34.1	44	209	185.5	16	150	136	34.5	5.95	2
SD44	9	86	85	812.581665	793.884445	18.69222	334.5	253	7	148	0	120	25	639	87	70	57.5	NaN	NaN	NaN	NaN	4	25	18.3	43	179	133	16	110	85	28	3.9	4
Sg1533	8	100	98	964.80278	944.110555	20.69222	374	250	18.5	228	3	120	75	768	81	80	57.5	0	66.24	13.84	4.59	4	22	10.8	30	127	121	14	40	43	26	2.8	1
Sg18	3	NaN	107	NaN	964.80278	NaN	321	205	18	228	4	145	80	840	75	25	60	0	64.54	15.04	3.64	2	22	4.3	26	121	NaN	16	20	24	NaN	NaN	2
T232	6	98	97	944.110555	936.94222	7.163335	358	238	15	190	2	175	95	787	83	75	72.5	NaN	67.02	12.93	4.42	2	24.5	10.05	34	130	NaN	NaN	10	NaN	NaN	5.15	2
T234	3	99	94	954.02389	913.634445	40.384445	310	228	21	278	3	130	55	749	132	65	55	NaN	67.4	15.52	6.05	3	26	24.6	35	163	NaN	14	50	55	NaN	5.7	2
T8	12	98	94	944.110555	913.634445	30.47111	356	269	14	254	1	175	80	809	91	70	75	NaN	64.49	14.87	5.82	2	19	11.65	32.5	133.5	NaN	NaN	30	NaN	NaN	5.9	1
Tx303	5	NaN	104	NaN	964.80278	NaN	358	247	24	212	3	170	95	831	99	80	65	1	65.76	13.19	4.38	3	NaN	NaN	NaN	NaN	NaN	NaN	NaN	NaN	NaN	NaN	1
Tx601	5	121	121	NaN	NaN	NaN	341	271	18	216	1	210	140	1009	88	NaN	85	NaN	NaN	NaN	NaN	2	NaN	NaN	NaN	NaN	NaN	NaN	NaN	NaN	NaN	NaN	2
Tzi10	4	NaN	NaN	NaN	NaN	NaN	354	228	26	242	6	135	NaN	928	95	NaN	NaN	0	NaN	NaN	NaN	2	NaN	NaN	NaN	NaN	NaN	NaN	NaN	NaN	NaN	NaN	2
Tzi11	6	117	117	964.80278	964.80278	0	280	205	15	178	1	145	60	725	78	70	65	0	NaN	NaN	NaN	3	NaN	NaN	NaN	NaN	NaN	NaN	NaN	NaN	NaN	NaN	2
Tzi16	8	102	102	964.80278	964.80278	0	309	147	28	230	5	175	90	903	90	85	80	NaN	68.86	13.34	4.79	2	NaN	NaN	37	140	NaN	16	60	62	NaN	3.5	1
Tzi18	5	106	106	964.80278	964.80278	0	382	264	19	278	5	180	105	945	101	80	75	NaN	61.27	18.39	5.06	3	31	20.35	43.5	130	105	14	55	52.5	21.5	3	1
Tzi25	7	99	98	954.02389	944.110555	9.913335	418	215	27	288	9	190	110	1013	101	80	62.5	NaN	NaN	NaN	NaN	2	30.5	27.9	38	159	112.5	13	75	78.5	20	5.25	2
Tzi8	1	NaN	NaN	NaN	NaN	NaN	237	181	6	218	1	NaN	NaN	NaN	NaN	NaN	NaN	0	NaN	NaN	NaN	3	NaN	NaN	NaN	NaN	NaN	NaN	NaN	NaN	NaN	NaN	4
Tzi9	6	119	119	964.80278	964.80278	0	274	182	27	166	0	165	NaN	868	92	70	NaN	1	NaN	NaN	NaN	3	NaN	NaN	36	126	107	NaN	NaN	NaN	NaN	NaN	2
U267Y	2	NaN	NaN	NaN	NaN	NaN	248	207	3	226	1	NaN	NaN	675	97	NaN	NaN	0	NaN	NaN	NaN	3	NaN	NaN	NaN	NaN	NaN	NaN	NaN	NaN	NaN	NaN	4
VA102	7	93	92	904.77389	896.413335	8.360555	297.5	229	5	178	0	115	35	597	68	75	70	0	70.46	11.89	4.2	4	23	9.4	33	115	97	16	40	36	14	3	2
Va14	4	105	102	964.80278	964.80278	0	329	272	8	178	0	125	40	718	94	75	62.5	0	NaN	NaN	NaN	3	22	12.6	36	124	104	NaN	30	NaN	NaN	2.8	3
Va17	11	95	92	924.110555	896.413335	27.69222	383	304	4.5	256	2	140	55	830	98	60	70	NaN	NaN	NaN	NaN	3	24	14.45	35	127.5	83	14	30	86	14.5	5.1	2
Va22	5	104	100	964.80278	964.80278	0	356	280	10.5	208	1	140	70	780	108	75	70	0	65.39	16.12	4.15	2	26	40.9	41	198	191	14	150	142	31	5.2	1
Va26	6	93	92	904.77389	896.413335	8.360555	279.5	125	16.5	188	2	130	40	632	74	70	65	0	68.65	14.55	3.07	5	24	19.8	37	151	117	12	NaN	68	19	4.9	1
Va35	5	87	86	832.163335	812.581665	19.581665	437.5	315	8	286	1	135	60	656	94	60	72.5	NaN	70.59	12.75	4.92	2	26.5	23.7	45	172	150	13	140	131.5	27	7.1	1
Va59	7	92	90	896.413335	870.55278	25.860555	329.5	277.5	7	218	0	135	45	665	92	65	72.5	NaN	70.54	12.35	6.23	2	24	13.5	37	125	106	12	60	63	20	4.6	1
Va85	2	107	107	964.80278	964.80278	0	351	329	3	278	0	150	55	716	88	NaN	NaN	0	NaN	NaN	NaN	2	NaN	NaN	NaN	NaN	NaN	NaN	NaN	NaN	NaN	NaN	3
Va99	8	87	86	832.163335	812.581665	19.581665	381	269	9	198	2	155	55	682	109	50	72.5	NaN	71.9	12.16	5.23	3	26.5	20.25	39	172.5	145	15	110	97.5	25	6.3	1
VaW6	2	94	94	913.634445	913.634445	0	287	238	4	208	0	85	25	731	61	15	65	NaN	NaN	NaN	NaN	NaN	24	18.9	34	184	123	16	70	62	27	2.7	3
W117Ht	3	80	80	720.831665	720.831665	0	NaN	NaN	NaN	NaN	NaN	90	30	NaN	NaN	NaN	57.5	NaN	NaN	NaN	NaN	5	NaN	NaN	33	87	79	NaN	NaN	NaN	NaN	NaN	3
W153R	6	84	83	778.55278	765	13.55278	227	137	18	98	1	115	60	531	83	55	45	NaN	68.91	14.76	2.97	6	24	10	34	112	105	12	NaN	59	26	4.6	1
W182B	6	73	73	633.413335	633.413335	0	266	146	13.5	188	3	135	25	620	86	60	NaN	NaN	67.45	15.68	4.2	6	NaN	NaN	NaN	NaN	NaN	NaN	NaN	NaN	NaN	NaN	2
W22	3	98	98	944.110555	944.110555	0	302	248.5	6.5	218	1	90	25	578	68	60	57.5	0	73.81	12.05	3.23	3	NaN	NaN	NaN	NaN	NaN	NaN	NaN	NaN	NaN	NaN	1
W22_R-rstd	8	99	94	954.02389	913.634445	40.384445	325	276	3	198	0	80	20	500	71	60	60	0	69.72	13.16	4.24	3	22	9.4	28	109	92	12	30	34	18.5	2.85	2
W64A	2	98	91	944.110555	881.610555	62.5	313.5	237.5	6	184	0	70	20	615	73	55	57.5	0	71.67	12.67	3.56	4	NaN	NaN	28	101	88	NaN	NaN	NaN	NaN	NaN	3
WD	1	80	80	720.831665	720.831665	0	NaN	NaN	NaN	NaN	NaN	125	45	NaN	NaN	NaN	NaN	NaN	NaN	NaN	NaN	7	18	10.7	32	134	106	NaN	30	NaN	NaN	5	4
Wf9	5	88	85	847.05278	793.884445	53.163335	353	246.5	10	268	2	165	55	726	87	30	50	NaN	67.66	15.55	3.68	6	29	27.7	44	160	144	16	130	115	33	3.9	2
Yu796NS	11	91	87	881.610555	832.163335	49.44222	436	324.5	7	356	1	155	70	730	61	45	67.5	NaN	70.14	13.51	4.89	3	25.5	16.25	45	109.5	108.5	13	115	98	22.5	6.15	2
